
Handles  NPM(K)    PM(K)      WS(K)     CPU(s)     Id  SI ProcessName                                                                                
-------  ------    -----      -----     ------     --  -- -----------                                                                                
    163       8     3088       3832       3,33   6880   0 AggregatorHost                                                                             
    145       9     2236       1692       0,00   1912   0 amdfendrsr                                                                                 
    164      11     2180        556       0,03  14464   1 amdow                                                                                      
   1951      49   250000      74016      11,64  14380   1 AMDRSServ                                                                                  
    888      35    68920      12904       0,19   3008   1 AMDRSSrcExt                                                                                
    417      25    19044      15544       0,47   1980   1 ApplicationFrameHost                                                                       
    393      18     5168       7072      17,61   2688   1 atieclxx                                                                                   
    287      15     3016       2852       0,09   1904   0 atiesrxx                                                                                   
   1225      54    50156      43472      15,17  12548   1 Bitrix24                                                                                   
   1477      35   125536      46312       1,38  13676   1 Bitrix24                                                                                   
    408      21    13756      16700       0,61  13684   1 Bitrix24                                                                                   
    249      15    10824       4936       0,36  13800   1 Bitrix24                                                                                   
    286      20    22444      10420       0,44  13904   1 Bitrix24                                                                                   
    441      27    38488      22684       0,56  13916   1 Bitrix24                                                                                   
    394      26    32352      14092       0,77  14084   1 Bitrix24                                                                                   
    777      84   353636     338776      16,64   1804   1 browser                                                                                    
    594      38   432624     455772   1 027,30   3272   1 browser                                                                                    
    245      16     8520       9580       0,45   3440   1 browser                                                                                    
    220      16    12056      10160       1,58   6532   1 browser                                                                                    
    214      20    37912       6124       0,23   6680   1 browser                                                                                    
    386      23    15480      33796       0,05   8004   1 browser                                                                                    
    498      29    58192     112168       1,45   8660   1 browser                                                                                    
    225      16     8820       9280       0,22   9172   1 browser                                                                                    
    419      23    22192      15824       0,17  10764   1 browser                                                                                    
    474      27    22664       9700       1,16  11580   1 browser                                                                                    
   2183      94   174824     190924     214,80  11832   1 browser                                                                                    
    276      10     2380       2440       0,17  11852   1 browser                                                                                    
    914      29    56816      77568       2,55  12020   1 browser                                                                                    
   2156      67   613624     219376     348,70  12108   1 browser                                                                                    
    496      44    22984      37436      23,00  12124   1 browser                                                                                    
    474      32    72676     115596       7,64  12956   1 browser                                                                                    
    428      25    22552       8056       0,31  13136   1 browser                                                                                    
    199      15     9820       6080       1,45  17604   1 browser                                                                                    
    225      17     8460      20756       0,02  18244   1 browser                                                                                    
    203      16    11468      23940       0,02  18868   1 browser                                                                                    
    443      26    25124      59072       0,27  19100   1 browser                                                                                    
    437      26    19668      41028       0,08  19232   1 browser                                                                                    
    451      31    47144      89568       0,13  21056   1 browser                                                                                    
    566      37   118752     197660      23,30  21488   1 browser                                                                                    
   1076      43    35264       2932       0,14   1368   1 CalculatorApp                                                                              
     81       5     4328       4156             21052   1 cmd                                                                                        
    117       9     1452        452       0,00   2352   1 cncmd                                                                                      
    143       7     1876       2244       0,03  13080   1 CompPkgSrv                                                                                 
    108       7     6260        604       0,02   6864   0 conhost                                                                                    
    269      14     5584      17568       1,11   7612   1 conhost                                                                                    
    127      10     6732       1216       0,25  10216   1 conhost                                                                                    
    106       8     6680      11300             15876   1 conhost                                                                                    
    113       9     1532       1116       0,00  12972   1 crashpad_handler                                                                           
    650      23     2184       2532       2,38    712   0 csrss                                                                                      
    947      39     6040       3624      74,14   1008   1 csrss                                                                                      
    883      19     5500      12140      17,09   5268   1 ctfmon                                                                                     
    369      18     4616      10604       0,09   4068   0 dasHost                                                                                    
    215      18     4244       4296       0,09   4708   0 dllhost                                                                                    
    290      16     3840       7584       0,23  16644   1 dllhost                                                                                    
    147       9     2272       4412       0,17  17288   1 dllhost                                                                                    
   1975      58   259540      83780     517,44   1404   1 dwm                                                                                        
  24487     137   206540     129792     103,36   5196   1 explorer                                                                                   
    454      24    15760      20488       0,44   8456   1 FileCoAuth                                                                                 
     50      11     8864       7244       1,11   1108   1 fontdrvhost                                                                                
     50       7     1776        384       0,00   1116   0 fontdrvhost                                                                                
      0       0       60          8                 0   0 Idle                                                                                       
    149       7     1348       1512       0,00   1472   0 IntelCpHDCPSvc                                                                             
    683      49    13512      28424       1,38   5084   0 IntelGraphicsSoftware.Service                                                              
    141       8     1328        688       0,00   3800   0 jhi_service                                                                                
   1378      34    34912      43304       0,23   9376   1 LockApp                                                                                    
   1592      26     9484      13400      20,73    928   0 lsass                                                                                      
      0       0     1900     699160      32,98   2776   0 Memory Compression                                                                         
    467      18    13312      10716       0,73   3872   0 MpDefenderCoreService                                                                      
    483      24    57244      12140       0,89    172   1 msedge                                                                                     
    365      29   168676      71096      12,81    868   1 msedge                                                                                     
   1077      30    39500      17036       0,11   2220   1 msedge                                                                                     
   1910      63   684712     224776       9,95   2788   1 msedge                                                                                     
    467      31    97180      69024       3,52   2820   1 msedge                                                                                     
    407      22    45896      11312       0,72   3648   1 msedge                                                                                     
   2450     107   164368     236628      57,86   4604   1 msedge                                                                                     
    333      25    90076     111636       6,48   7544   1 msedge                                                                                     
    539      37   127816      91732       4,73   9164   1 msedge                                                                                     
    588      45   225196      25816       9,33  10664   1 msedge                                                                                     
    220      14     8380       7772       0,11  10968   1 msedge                                                                                     
    250      19    27316       8664       0,33  11320   1 msedge                                                                                     
    519      36   124056      87608       4,55  11840   1 msedge                                                                                     
    269      23    55432      64204      58,91  11960   1 msedge                                                                                     
    448      33    26408      41928       5,75  12028   1 msedge                                                                                     
    348      26    81276      51372       2,06  12180   1 msedge                                                                                     
    547      36   127520      90792       4,81  12844   1 msedge                                                                                     
    291      10     2224       2416       0,03  12964   1 msedge                                                                                     
    539      37   118140      87556       5,36  14488   1 msedge                                                                                     
    256      15     9224       9328       0,23  14528   1 msedge                                                                                     
    269      23    43100      52528      13,73  15364   1 msedge                                                                                     
    214      17    16132      29808       0,05  15692   1 msedge                                                                                     
    479      29    46432      25732       0,66  17352   1 msedge                                                                                     
    209      15    10752       9740       0,14  17948   1 msedge                                                                                     
    301      20    34364      10164       0,31  18136   1 msedge                                                                                     
    319      28    45508      94508       1,41  20308   1 msedge                                                                                     
    351      21    12388      14284       1,84   3760   1 msedgewebview2                                                                             
    223      14     8612       1376       0,39   7880   1 msedgewebview2                                                                             
   1252      52    46868      26280       6,86  13760   1 msedgewebview2                                                                             
    194      13     8908       1172       0,14  14692   1 msedgewebview2                                                                             
    414      54   325292      45228      56,42  17440   1 msedgewebview2                                                                             
    157      10     2184       1760       0,02  17464   1 msedgewebview2                                                                             
   1417      42   102156       5852       0,95  17780   1 msedgewebview2                                                                             
    950     247   481276     315848     714,33   3824   0 MsMpEng                                                                                    
   1960      67   115320      27848       3,13  10980   1 ms-teams                                                                                   
    954      51    30796      26560       5,19  15380   1 ms-teams                                                                                   
    221      14    10792      10520      26,16  10908   0 NisSrv                                                                                     
    220      21    37932      13724       1,13  10224   1 node                                                                                       
    283      15     3148      18040       0,23    552   1 notepad                                                                                    
    527      29    11180      12144       7,63   8628   1 notepad                                                                                    
    751      27    30644      16312       0,72   3880   0 OfficeClickToRun                                                                           
    403      23    33656      13220       0,34   3704   0 OneApp.IGCC.WinService                                                                     
   2492      67   107820      34716       3,27  11368   1 OneDrive                                                                                   
    498      28    42892       7900       0,52   8824   1 OneDrive.Sync.Service                                                                      
   1937     104    70420      44440       1,53  11068   1 PhoneExperienceHost                                                                        
    665      33    65876      82268       0,75  14736   1 powershell                                                                                 
    255      10     7264       1032       0,33   6856   0 PresentMonService                                                                          
    336      20     9080       8824       0,05  18052   1 QtWebEngineProcess                                                                         
   2049      84   220004      22976      60,61  14640   1 RadeonSoftware                                                                             
      0      26     9228      21256       3,11    148   0 Registry                                                                                   
    356      21    10812      21048       2,20   4140   1 RuntimeBroker                                                                              
    558      28    30512      31972       2,50   5216   1 RuntimeBroker                                                                              
    358      22     8348      22272       2,77   7832   1 RuntimeBroker                                                                              
    355      19     6140      19284       0,44   9704   1 RuntimeBroker                                                                              
    122       7     1416       1924       0,02  10724   1 RuntimeBroker                                                                              
    261      14     3644      12580       0,38  10780   1 RuntimeBroker                                                                              
    224      12     2688       3056       0,05  16136   1 RuntimeBroker                                                                              
    498      47   119564      12956       4,86  13240   1 ScreenPlay                                                                                 
   4196     144   253040     282988      12,56   8176   1 SearchApp                                                                                  
   2646      51    62876       5308       0,25   8928   1 SearchApp                                                                                  
    785      75    35160      26676      10,72   5092   0 SearchIndexer                                                                              
    420      18     6092       8592       0,61   6104   0 SecurityHealthService                                                                      
    167       9     1900       3556       0,11   6476   1 SecurityHealthSystray                                                                      
    728      15     6276       7564       5,30    908   0 services                                                                                   
   1629      40    47348      48808       3,17  10044   1 ShellExperienceHost                                                                        
    749      21     9708      22496       5,52   5304   1 sihost                                                                                     
     53       3     1092        232       0,16    544   0 smss                                                                                       
    248      15     4648       3472       0,05  16440   1 splwow64                                                                                   
    441      21     5540       2952       0,11   3176   0 spoolsv                                                                                    
    634      35    26828      52488       3,05   7512   1 StartMenuExperienceHost                                                                    
    140       9     1744       2164       0,03    256   1 svchost                                                                                    
    388      15     4496       7724       0,64    680   0 svchost                                                                                    
    185       8     1660       2052       0,27    904   0 svchost                                                                                    
   1559      27    13168      20024      10,81   1084   0 svchost                                                                                    
   1364      20    10576      13468      27,61   1216   0 svchost                                                                                    
    355      13     3184       4576      62,19   1264   0 svchost                                                                                    
    217      12     2300       4976       0,06   1348   0 svchost                                                                                    
    352       9     2172       4592       0,25   1428   0 svchost                                                                                    
    142      11     1680       2508       0,00   1508   0 svchost                                                                                    
    446      16    16712      14116       4,50   1596   0 svchost                                                                                    
    443      21     7812      10732       6,81   1704   0 svchost                                                                                    
    153      29     6028       6504       0,41   1784   0 svchost                                                                                    
    244      14     3380       5492       0,36   1840   0 svchost                                                                                    
    230      11     2488       3788       0,83   1880   0 svchost                                                                                    
    312      11     2932       5612       3,28   2008   0 svchost                                                                                    
    194      12     2448       3860       0,03   2128   0 svchost                                                                                    
    151      10     1740       2236       0,08   2140   0 svchost                                                                                    
    734      15     3884       6628       1,11   2188   0 svchost                                                                                    
    364      18     2512       4292       0,22   2252   0 svchost                                                                                    
    127       8     1496       1684       0,00   2336   0 svchost                                                                                    
    213      18     2572       3896       0,06   2356   0 svchost                                                                                    
    192      10     2048       3816       0,83   2412   0 svchost                                                                                    
    290      15     3500       4776       1,80   2456   0 svchost                                                                                    
    227      12     2892       5880      16,89   2664   0 svchost                                                                                    
    281       8     1508       1704       0,95   2672   0 svchost                                                                                    
    178      10     2040       3844       0,08   2680   0 svchost                                                                                    
    183      12     2020       5044       0,00   2796   0 svchost                                                                                    
    202      10     1988       4548       0,67   2836   0 svchost                                                                                    
    183      11     2288       4096       0,63   2844   0 svchost                                                                                    
    385      14     3376       5856       1,41   2964   0 svchost                                                                                    
    390      29     7380       9816       1,50   3040   0 svchost                                                                                    
    417      33    12604      15080       1,92   3232   0 svchost                                                                                    
    181      11     2072       2840       0,05   3320   0 svchost                                                                                    
    592      28    23624      24168       9,78   3512   0 svchost                                                                                    
    410      20    12108      12568      60,70   3520   0 svchost                                                                                    
    182      10     9420      13700      13,73   3528   0 svchost                                                                                    
    146       8     1512       2548       0,00   3536   0 svchost                                                                                    
    343      24    22844      22236       8,44   3544   0 svchost                                                                                    
    136       9     1388        944       0,00   3552   0 svchost                                                                                    
    406      20     4976      13492       0,28   3568   0 svchost                                                                                    
    141       9     1612       1320       0,00   3580   0 svchost                                                                                    
    205      12     2404       3828       0,30   3936   0 svchost                                                                                    
    370      20     2992       6188       0,13   3944   0 svchost                                                                                    
    114       8     1348       1336       0,02   4004   0 svchost                                                                                    
    385      25     3508       5648       0,05   4020   0 svchost                                                                                    
    316      18     3548       5580       0,67   4872   0 svchost                                                                                    
    186      10     1956       3200       0,06   5128   0 svchost                                                                                    
    270      12     2292       4152       0,25   5176   0 svchost                                                                                    
    471      20    13880      21532      12,36   5380   1 svchost                                                                                    
    583      25     9600      22544       2,17   5428   1 svchost                                                                                    
    455      21     9688      13432       9,14   5440   0 svchost                                                                                    
    360      14     5044      11916       8,08   5700   0 svchost                                                                                    
    130       9     1756       7700       0,00   5772   0 svchost                                                                                    
    217      11     2016       3216       0,03   5860   0 svchost                                                                                    
    395      18     4712      17484       1,67   6024   1 svchost                                                                                    
    279      13     4872       3620       0,19   6232   0 svchost                                                                                    
    218      12     3232       6060       4,42   6316   0 svchost                                                                                    
    386      21     5232       9968       0,17   6564   0 svchost                                                                                    
    229      14     3300       3868       0,13   7228   0 svchost                                                                                    
    391      21     6060       7796       0,19   7924   0 svchost                                                                                    
    282      16     4256      12436       0,34   8464   0 svchost                                                                                    
    158      11     2644       5520       0,16   8752   1 svchost                                                                                    
    219      16     7544       5220       0,25   8776   0 svchost                                                                                    
    320      13     2936       4928       0,03   8792   0 svchost                                                                                    
    380      18     4308      10704       0,05   9620   0 svchost                                                                                    
    194      10     2032       4516       0,02   9628   0 svchost                                                                                    
    267      16     2972       5212       0,06   9712   0 svchost                                                                                    
    152       9     1832       2148       0,11   9968   0 svchost                                                                                    
    221      13     6164       6584       1,23  10120   0 svchost                                                                                    
    598      37    14072      15780       1,34  12052   0 svchost                                                                                    
    120       8     1352       5864       0,00  14796   0 svchost                                                                                    
    125       8     2620       7748       0,02  17732   0 svchost                                                                                    
    456      26     5756       9304       0,34  17812   1 svchost                                                                                    
    450      19     4088      10296       0,31  18120   0 svchost                                                                                    
    206      12     2808       5488       0,02  18476   0 svchost                                                                                    
   4945       0      208       5332     280,84      4   0 System                                                                                     
    323      17     4112       5436       2,34  10388   1 TabTip                                                                                     
    301      33     8952      10636       2,63   5608   1 taskhostw                                                                                  
    154      10     1892       8676       0,02  12528   1 taskhostw                                                                                  
    172      12     2232       9448             16936   1 tasklist                                                                                   
   1731      60   455844     164088     197,00  17636   1 Telegram                                                                                   
   1168      31    33392      13480       4,06  12936   1 TextInputHost                                                                              
    150      11     2264       4920       0,09  16364   1 UserOOBEBroker                                                                             
    310      17    13960       3772       0,08  10192   1 uTorrentPro                                                                                
   1280      29    45796       4452       0,16  11328   1 uTorrentPro                                                                                
    296      17    54560       2744       1,14  11860   1 uTorrentPro                                                                                
   1102      58    93732      43644     466,66  15868   1 uTorrentPro                                                                                
    193      12    11320       2956       0,06  17336   1 uTorrentPro                                                                                
   1167      41    41940       2688       0,17  16964   1 Video.UI                                                                                   
    497      25    14956      11860       2,98   9576   1 Wacom_Tablet                                                                               
    197      10     1888       1328       0,02   9456   1 Wacom_TabletUser                                                                           
    258      14     5300       5256       2,58   9344   1 Wacom_TouchUser                                                                            
    224      13     2664       1192       0,05   9828   1 Wacom_UpdateUtil                                                                           
    252      12     1944        472       0,02   7908   1 WacomHost                                                                                  
    165      11     1496        704       0,03   1000   0 wininit                                                                                    
    290      14     3708       5328       0,23      8   1 winlogon                                                                                   
   3539      89   258292     198900     193,05  16792   1 WINWORD                                                                                    
    419      20    12752      13652     137,77   5168   0 WmiPrvSE                                                                                   
    255      12     2580        800       0,03   3748   0 WMIRegistrationService                                                                     
    196      13     2456      11488       0,72  11360   1 wscript                                                                                    
    196      13     2472      11492       0,66  11576   1 wscript                                                                                    
    202       9     1976       3268      84,11   3696   0 WTabletServicePro                                                                          


